$ 1 0.000005 0.08824969025845955 57 5 50
I 192 208 272 208 0 0.5 5
I 304 208 384 208 0 0.5 5
w 272 208 304 208 0
c 272 128 272 176 0 6.000000000000001e-7 -1.765990956309106
d 400 80 336 80 2 default
162 416 256 416 304 2 default-led 1 0 0 0.01
r 416 208 416 256 0 2200
r 336 80 288 80 0 1000
r 368 112 320 112 0 1000
R 80 96 80 64 0 0 40 6 0 0 0.5
g 80 288 80 304 0
f 128 256 192 256 32 1.5 0.02
w 192 208 192 240 0
w 192 272 192 288 0
w 80 288 192 288 0
w 80 208 80 288 0
209 80 160 80 208 0 0.00009999999999999999 6 1
w 80 96 80 160 0
r 192 112 192 160 0 1000
w 80 96 192 96 0
w 192 160 192 208 0
w 192 112 192 96 0
w 272 176 272 208 0
w 288 80 272 80 0
w 272 80 272 128 0
w 400 80 400 112 0
w 368 112 400 112 0
w 400 112 400 208 0
w 384 208 400 208 0
w 400 208 416 208 0
w 416 304 192 304 0
w 192 288 192 304 0
w 128 112 128 256 0
w 272 128 320 112 0
w 272 128 128 112 0
o 5 2 0 4099 2.5 0.0015625 0 2 5 3
o 3 4 0 4099 5 0.05 1 2 3 3
